γ = 0.53
t1 = 1361
t2 = 451

Вхідна вибірка наробітків до відмови (у годинах):

565, 825, 876, 184, 1202, 524, 125, 69, 2,
22, 35, 140, 717, 122, 38, 18, 132, 155, 16,
741, 239, 412, 18, 29, 178, 322, 650, 246,
110, 258, 3, 667, 92, 258, 412, 206, 138,
309, 194, 189, 367, 397, 292, 33, 242, 644,
493, 12, 154, 122, 121, 141, 1253, 73, 66,
181, 332, 608, 424, 398, 623, 516, 329, 548,
262, 1445, 110, 156, 145, 8, 906, 212, 67,
452, 198, 150, 137, 64, 138, 255, 383, 234,
525, 612, 211, 236, 246, 170, 192, 12, 691,
1, 127, 51, 162, 232, 279, 5, 26, 1037